3000
0,792;0,0055;0,0108;
0,2708;0,0068;0,0053;
0,132;0,0018;0,0043;
0,0281;0,0013;0,0041;
0,1116;0,0014;0,0041;

10000
0,208;0,003;0,0053;
0,1457;0,0022;0,0048;
0,0276;0,0019;0,0061;
0,0626;0,0021;0,0051;
0,1206;0,0046;0,0041;

15000
0,0442;0,0012;0,0049;
0,0207;9,0E-4;0,0168;
0,124;0,0014;0,0047;
0,1118;0,0013;0,0045;
0,2299;0,0021;0,0248;

1000
0,1805;0,0021;0,0075;
0,191;0,0019;0,0035;
0,19;0,0016;0,0039;
0,0347;0,001;0,0027;
0,2241;0,0023;0,0046;

7000
0,1948;0,0023;0,0044;
0,1252;0,0015;0,0039;
0,0991;0,0012;0,016;
0,051;0,0018;0,0036;
0,0203;8,0E-4;0,0049;

5000
0,0436;0,0016;0,005;
0,0301;0,001;0,0046;
0,0255;9,0E-4;0,0046;
0,0296;0,0012;0,0035;
0,0245;0,001;0,0033;

